0.000000 1.000000 0.000000 
0.020000 1.000000 -0.100000 
0.040000 0.998000 -0.190000 
0.060000 0.994200 -0.270800 
0.080000 0.988784 -0.343140 
0.100000 0.981921 -0.407704 
0.120000 0.973767 -0.465126 
0.140000 0.964465 -0.515990 
0.160000 0.954145 -0.560838 
0.180000 0.942928 -0.600168 
0.200000 0.930925 -0.634444 
0.220000 0.918236 -0.664092 
0.240000 0.904954 -0.689507 
0.260000 0.891164 -0.711051 
0.280000 0.876943 -0.729063 
0.300000 0.862362 -0.743851 
0.320000 0.847485 -0.755702 
0.340000 0.832370 -0.764880 
0.360000 0.817073 -0.771629 
0.380000 0.801640 -0.776173 
0.400000 0.786117 -0.778720 
0.420000 0.770542 -0.779460 
0.440000 0.754953 -0.778568 
0.460000 0.739382 -0.776207 
0.480000 0.723858 -0.772524 
0.500000 0.708407 -0.767657 
0.520000 0.693054 -0.761732 
0.540000 0.677819 -0.754865 
0.560000 0.662722 -0.747160 
0.580000 0.647779 -0.738716 
0.600000 0.633005 -0.729623 
0.620000 0.618412 -0.719961 
0.640000 0.604013 -0.709806 
0.660000 0.589817 -0.699227 
0.680000 0.575832 -0.688286 
0.700000 0.562067 -0.677040 
0.720000 0.548526 -0.665543 
0.740000 0.535215 -0.653841 
0.760000 0.522138 -0.641979 
0.780000 0.509299 -0.629995 
0.800000 0.496699 -0.617925 
0.820000 0.484340 -0.605802 
0.840000 0.472224 -0.593656 
0.860000 0.460351 -0.581513 
0.880000 0.448721 -0.569397 
0.900000 0.437333 -0.557329 
0.920000 0.426186 -0.545329 
0.940000 0.415280 -0.533415 
0.960000 0.404611 -0.521602 
0.980000 0.394179 -0.509903 
1.000000 0.383981 -0.498330 
1.020000 0.374015 -0.486895 
1.040000 0.364277 -0.475607 
1.060000 0.354765 -0.464474 
1.080000 0.345475 -0.453503 
1.100000 0.336405 -0.442700 
1.120000 0.327551 -0.432071 
1.140000 0.318910 -0.421619 
1.160000 0.310477 -0.411348 
1.180000 0.302250 -0.401261 
1.200000 0.294225 -0.391360 
1.220000 0.286398 -0.381646 
1.240000 0.278765 -0.372122 
1.260000 0.271322 -0.362786 
1.280000 0.264067 -0.353640 
1.300000 0.256994 -0.344682 
1.320000 0.250100 -0.335913 
1.340000 0.243382 -0.327332 
1.360000 0.236835 -0.318937 
1.380000 0.230457 -0.310727 
1.400000 0.224242 -0.302700 
1.420000 0.218188 -0.294854 
1.440000 0.212291 -0.287188 
1.460000 0.206547 -0.279698 
1.480000 0.200953 -0.272383 
1.500000 0.195506 -0.265240 
1.520000 0.190201 -0.258266 
1.540000 0.185036 -0.251460 
1.560000 0.180006 -0.244817 
1.580000 0.175110 -0.238336 
1.600000 0.170343 -0.232014 
1.620000 0.165703 -0.225847 
1.640000 0.161186 -0.219832 
1.660000 0.156789 -0.213968 
1.680000 0.152510 -0.208250 
1.700000 0.148345 -0.202676 
1.720000 0.144292 -0.197243 
1.740000 0.140347 -0.191948 
1.760000 0.136508 -0.186788 
1.780000 0.132772 -0.181760 
1.800000 0.129137 -0.176861 
1.820000 0.125600 -0.172088 
1.840000 0.122158 -0.167440 
1.860000 0.118809 -0.162911 
1.880000 0.115551 -0.158501 
1.900000 0.112381 -0.154206 
1.920000 0.109297 -0.150024 
1.940000 0.106296 -0.145951 
1.960000 0.103377 -0.141985 
1.980000 0.100537 -0.138125 
2.000000 0.097775 -0.134366 
2.020000 0.095088 -0.130707 
2.040000 0.092474 -0.127145 
2.060000 0.089931 -0.123678 
2.080000 0.087457 -0.120303 
2.100000 0.085051 -0.117018 
2.120000 0.082711 -0.113822 
2.140000 0.080434 -0.110711 
2.160000 0.078220 -0.107683 
2.180000 0.076066 -0.104737 
2.200000 0.073972 -0.101870 
2.220000 0.071934 -0.099080 
2.240000 0.069953 -0.096365 
2.260000 0.068025 -0.093724 
2.280000 0.066151 -0.091154 
2.300000 0.064328 -0.088654 
2.320000 0.062555 -0.086221 
2.340000 0.060830 -0.083855 
2.360000 0.059153 -0.081552 
2.380000 0.057522 -0.079312 
2.400000 0.055936 -0.077133 
2.420000 0.054393 -0.075013 
2.440000 0.052893 -0.072951 
2.460000 0.051434 -0.070946 
2.480000 0.050015 -0.068994 
2.500000 0.048635 -0.067096 
2.520000 0.047293 -0.065250 
2.540000 0.045988 -0.063455 
2.560000 0.044719 -0.061708 
2.580000 0.043485 -0.060009 
2.600000 0.042285 -0.058357 
2.620000 0.041118 -0.056749 
2.640000 0.039983 -0.055186 
2.660000 0.038879 -0.053666 
2.680000 0.037806 -0.052187 
2.700000 0.036762 -0.050749 
2.720000 0.035747 -0.049350 
2.740000 0.034760 -0.047990 
2.760000 0.033800 -0.046667 
2.780000 0.032867 -0.045380 
2.800000 0.031959 -0.044129 
2.820000 0.031077 -0.042912 
2.840000 0.030218 -0.041728 
2.860000 0.029384 -0.040577 
2.880000 0.028572 -0.039458 
2.900000 0.027783 -0.038369 
2.920000 0.027016 -0.037311 
2.940000 0.026269 -0.036281 
2.960000 0.025544 -0.035280 
2.980000 0.024838 -0.034306 
3.000000 0.024152 -0.033360 
3.020000 0.023485 -0.032439 
3.040000 0.022836 -0.031543 
3.060000 0.022205 -0.030673 
3.080000 0.021592 -0.029826 
3.100000 0.020995 -0.029003 
3.120000 0.020415 -0.028202 
3.140000 0.019851 -0.027423 
3.160000 0.019303 -0.026666 
3.180000 0.018769 -0.025930 
3.200000 0.018251 -0.025214 
3.220000 0.017746 -0.024517 
3.240000 0.017256 -0.023840 
3.260000 0.016779 -0.023182 
3.280000 0.016316 -0.022542 
3.300000 0.015865 -0.021919 
3.320000 0.015426 -0.021314 
3.340000 0.015000 -0.020725 
3.360000 0.014586 -0.020152 
3.380000 0.014183 -0.019596 
3.400000 0.013791 -0.019054 
3.420000 0.013410 -0.018528 
3.440000 0.013039 -0.018016 
3.460000 0.012679 -0.017519 
3.480000 0.012328 -0.017035 
3.500000 0.011988 -0.016564 
3.520000 0.011656 -0.016106 
3.540000 0.011334 -0.015661 
3.560000 0.011021 -0.015229 
3.580000 0.010717 -0.014808 
3.600000 0.010420 -0.014399 
3.620000 0.010132 -0.014001 
3.640000 0.009852 -0.013614 
3.660000 0.009580 -0.013238 
3.680000 0.009315 -0.012872 
3.700000 0.009058 -0.012516 
3.720000 0.008808 -0.012171 
3.740000 0.008564 -0.011834 
3.760000 0.008327 -0.011507 
3.780000 0.008097 -0.011189 
3.800000 0.007874 -0.010880 
3.820000 0.007656 -0.010579 
3.840000 0.007444 -0.010287 
3.860000 0.007239 -0.010003 
3.880000 0.007039 -0.009726 
3.900000 0.006844 -0.009458 
3.920000 0.006655 -0.009196 
3.940000 0.006471 -0.008942 
3.960000 0.006292 -0.008695 
3.980000 0.006118 -0.008455 
4.000000 0.005949 -0.008221 
4.020000 0.005785 -0.007994 
4.040000 0.005625 -0.007773 
4.060000 0.005469 -0.007558 
4.080000 0.005318 -0.007349 
4.100000 0.005171 -0.007146 
4.120000 0.005028 -0.006949 
4.140000 0.004889 -0.006757 
4.160000 0.004754 -0.006570 
4.180000 0.004623 -0.006388 
4.200000 0.004495 -0.006212 
4.220000 0.004371 -0.006040 
4.240000 0.004250 -0.005873 
4.260000 0.004133 -0.005711 
4.280000 0.004018 -0.005553 
4.300000 0.003907 -0.005400 
4.320000 0.003799 -0.005250 
4.340000 0.003694 -0.005105 
4.360000 0.003592 -0.004964 
4.380000 0.003493 -0.004827 
4.400000 0.003396 -0.004693 
4.420000 0.003302 -0.004564 
4.440000 0.003211 -0.004438 
4.460000 0.003122 -0.004315 
4.480000 0.003036 -0.004196 
4.500000 0.002952 -0.004080 
4.520000 0.002871 -0.003967 
4.540000 0.002791 -0.003857 
4.560000 0.002714 -0.003751 
4.580000 0.002639 -0.003647 
4.600000 0.002566 -0.003546 
4.620000 0.002495 -0.003448 
4.640000 0.002426 -0.003353 
4.660000 0.002359 -0.003260 
4.680000 0.002294 -0.003170 
4.700000 0.002231 -0.003083 
4.720000 0.002169 -0.002997 
4.740000 0.002109 -0.002915 
4.760000 0.002051 -0.002834 
4.780000 0.001994 -0.002756 
4.800000 0.001939 -0.002679 
4.820000 0.001885 -0.002605 
4.840000 0.001833 -0.002533 
4.860000 0.001783 -0.002463 
4.880000 0.001733 -0.002395 
4.900000 0.001685 -0.002329 
4.920000 0.001639 -0.002265 
4.940000 0.001593 -0.002202 
4.960000 0.001549 -0.002141 
4.980000 0.001507 -0.002082 
5.000000 0.001465 -0.002025 
5.020000 0.001424 -0.001969 
5.040000 0.001385 -0.001914 
5.060000 0.001347 -0.001861 
5.080000 0.001310 -0.001810 
5.100000 0.001273 -0.001760 
5.120000 0.001238 -0.001711 
5.140000 0.001204 -0.001664 
5.160000 0.001171 -0.001618 
5.180000 0.001138 -0.001573 
5.200000 0.001107 -0.001530 
5.220000 0.001076 -0.001487 
5.240000 0.001047 -0.001446 
5.260000 0.001018 -0.001406 
5.280000 0.000990 -0.001367 
5.300000 0.000962 -0.001330 
5.320000 0.000936 -0.001293 
5.340000 0.000910 -0.001257 
5.360000 0.000885 -0.001222 
5.380000 0.000860 -0.001189 
5.400000 0.000836 -0.001156 
5.420000 0.000813 -0.001124 
5.440000 0.000791 -0.001093 
5.460000 0.000769 -0.001063 
5.480000 0.000748 -0.001033 
5.500000 0.000727 -0.001005 
5.520000 0.000707 -0.000977 
5.540000 0.000687 -0.000950 
5.560000 0.000668 -0.000924 
5.580000 0.000650 -0.000898 
5.600000 0.000632 -0.000873 
5.620000 0.000614 -0.000849 
5.640000 0.000597 -0.000826 
5.660000 0.000581 -0.000803 
5.680000 0.000565 -0.000781 
5.700000 0.000549 -0.000759 
5.720000 0.000534 -0.000738 
5.740000 0.000519 -0.000718 
5.760000 0.000505 -0.000698 
5.780000 0.000491 -0.000679 
5.800000 0.000477 -0.000660 
5.820000 0.000464 -0.000642 
5.840000 0.000451 -0.000624 
5.860000 0.000439 -0.000607 
5.880000 0.000427 -0.000590 
5.900000 0.000415 -0.000574 
5.920000 0.000404 -0.000558 
5.940000 0.000392 -0.000542 
5.960000 0.000382 -0.000527 
5.980000 0.000371 -0.000513 
6.000000 0.000361 -0.000499 
6.020000 0.000351 -0.000485 
6.040000 0.000341 -0.000471 
6.060000 0.000332 -0.000458 
6.080000 0.000322 -0.000446 
6.100000 0.000314 -0.000433 
6.120000 0.000305 -0.000421 
6.140000 0.000296 -0.000410 
6.160000 0.000288 -0.000398 
6.180000 0.000280 -0.000387 
6.200000 0.000273 -0.000377 
6.220000 0.000265 -0.000366 
6.240000 0.000258 -0.000356 
6.260000 0.000251 -0.000346 
6.280000 0.000244 -0.000337 
6.300000 0.000237 -0.000327 
6.320000 0.000230 -0.000318 
6.340000 0.000224 -0.000310 
6.360000 0.000218 -0.000301 
6.380000 0.000212 -0.000293 
6.400000 0.000206 -0.000285 
6.420000 0.000200 -0.000277 
6.440000 0.000195 -0.000269 
6.460000 0.000189 -0.000262 
6.480000 0.000184 -0.000254 
6.500000 0.000179 -0.000247 
6.520000 0.000174 -0.000241 
6.540000 0.000169 -0.000234 
6.560000 0.000165 -0.000227 
6.580000 0.000160 -0.000221 
6.600000 0.000156 -0.000215 
6.620000 0.000151 -0.000209 
6.640000 0.000147 -0.000203 
6.660000 0.000143 -0.000198 
6.680000 0.000139 -0.000192 
6.700000 0.000135 -0.000187 
6.720000 0.000132 -0.000182 
6.740000 0.000128 -0.000177 
6.760000 0.000124 -0.000172 
6.780000 0.000121 -0.000167 
6.800000 0.000118 -0.000162 
6.820000 0.000114 -0.000158 
6.840000 0.000111 -0.000154 
6.860000 0.000108 -0.000149 
6.880000 0.000105 -0.000145 
6.900000 0.000102 -0.000141 
6.920000 0.000099 -0.000137 
6.940000 0.000097 -0.000134 
6.960000 0.000094 -0.000130 
6.980000 0.000091 -0.000126 
7.000000 0.000089 -0.000123 
7.020000 0.000086 -0.000119 
7.040000 0.000084 -0.000116 
7.060000 0.000082 -0.000113 
7.080000 0.000079 -0.000110 
7.100000 0.000077 -0.000107 
7.120000 0.000075 -0.000104 
7.140000 0.000073 -0.000101 
7.160000 0.000071 -0.000098 
7.180000 0.000069 -0.000095 
7.200000 0.000067 -0.000093 
7.220000 0.000065 -0.000090 
7.240000 0.000063 -0.000088 
7.260000 0.000062 -0.000085 
7.280000 0.000060 -0.000083 
7.300000 0.000058 -0.000081 
7.320000 0.000057 -0.000078 
7.340000 0.000055 -0.000076 
7.360000 0.000054 -0.000074 
7.380000 0.000052 -0.000072 
7.400000 0.000051 -0.000070 
7.420000 0.000049 -0.000068 
7.440000 0.000048 -0.000066 
7.460000 0.000047 -0.000064 
7.480000 0.000045 -0.000063 
7.500000 0.000044 -0.000061 
7.520000 0.000043 -0.000059 
7.540000 0.000042 -0.000058 
7.560000 0.000041 -0.000056 
7.580000 0.000039 -0.000054 
7.600000 0.000038 -0.000053 
7.620000 0.000037 -0.000051 
7.640000 0.000036 -0.000050 
7.660000 0.000035 -0.000049 
7.680000 0.000034 -0.000047 
7.700000 0.000033 -0.000046 
7.720000 0.000032 -0.000045 
7.740000 0.000031 -0.000044 
7.760000 0.000031 -0.000042 
7.780000 0.000030 -0.000041 
7.800000 0.000029 -0.000040 
7.820000 0.000028 -0.000039 
7.840000 0.000027 -0.000038 
7.860000 0.000027 -0.000037 
7.880000 0.000026 -0.000036 
7.900000 0.000025 -0.000035 
7.920000 0.000024 -0.000034 
7.940000 0.000024 -0.000033 
7.960000 0.000023 -0.000032 
7.980000 0.000022 -0.000031 
8.000000 0.000022 -0.000030 
8.020000 0.000021 -0.000029 
8.040000 0.000021 -0.000029 
8.060000 0.000020 -0.000028 
8.080000 0.000020 -0.000027 
8.100000 0.000019 -0.000026 
8.120000 0.000018 -0.000026 
8.140000 0.000018 -0.000025 
8.160000 0.000017 -0.000024 
8.180000 0.000017 -0.000023 
8.200000 0.000017 -0.000023 
8.220000 0.000016 -0.000022 
8.240000 0.000016 -0.000022 
8.260000 0.000015 -0.000021 
8.280000 0.000015 -0.000020 
8.300000 0.000014 -0.000020 
8.320000 0.000014 -0.000019 
8.340000 0.000014 -0.000019 
8.360000 0.000013 -0.000018 
8.380000 0.000013 -0.000018 
8.400000 0.000012 -0.000017 
8.420000 0.000012 -0.000017 
8.440000 0.000012 -0.000016 
8.460000 0.000011 -0.000016 
8.480000 0.000011 -0.000015 
8.500000 0.000011 -0.000015 
8.520000 0.000011 -0.000015 
8.540000 0.000010 -0.000014 
8.560000 0.000010 -0.000014 
8.580000 0.000010 -0.000013 
8.600000 0.000009 -0.000013 
8.620000 0.000009 -0.000013 
8.640000 0.000009 -0.000012 
8.660000 0.000009 -0.000012 
8.680000 0.000008 -0.000012 
8.700000 0.000008 -0.000011 
8.720000 0.000008 -0.000011 
8.740000 0.000008 -0.000011 
8.760000 0.000008 -0.000010 
8.780000 0.000007 -0.000010 
8.800000 0.000007 -0.000010 
8.820000 0.000007 -0.000010 
8.840000 0.000007 -0.000009 
8.860000 0.000007 -0.000009 
8.880000 0.000006 -0.000009 
8.900000 0.000006 -0.000009 
8.920000 0.000006 -0.000008 
8.940000 0.000006 -0.000008 
8.960000 0.000006 -0.000008 
8.980000 0.000006 -0.000008 
9.000000 0.000005 -0.000007 
9.020000 0.000005 -0.000007 
9.040000 0.000005 -0.000007 
9.060000 0.000005 -0.000007 
9.080000 0.000005 -0.000007 
9.100000 0.000005 -0.000006 
9.120000 0.000005 -0.000006 
9.140000 0.000004 -0.000006 
9.160000 0.000004 -0.000006 
9.180000 0.000004 -0.000006 
9.200000 0.000004 -0.000006 
9.220000 0.000004 -0.000005 
9.240000 0.000004 -0.000005 
9.260000 0.000004 -0.000005 
9.280000 0.000004 -0.000005 
9.300000 0.000004 -0.000005 
9.320000 0.000003 -0.000005 
9.340000 0.000003 -0.000005 
9.360000 0.000003 -0.000004 
9.380000 0.000003 -0.000004 
9.400000 0.000003 -0.000004 
9.420000 0.000003 -0.000004 
9.440000 0.000003 -0.000004 
9.460000 0.000003 -0.000004 
9.480000 0.000003 -0.000004 
9.500000 0.000003 -0.000004 
9.520000 0.000003 -0.000004 
9.540000 0.000003 -0.000003 
9.560000 0.000002 -0.000003 
9.580000 0.000002 -0.000003 
9.600000 0.000002 -0.000003 
9.620000 0.000002 -0.000003 
9.640000 0.000002 -0.000003 
9.660000 0.000002 -0.000003 
9.680000 0.000002 -0.000003 
9.700000 0.000002 -0.000003 
9.720000 0.000002 -0.000003 
9.740000 0.000002 -0.000003 
9.760000 0.000002 -0.000003 
9.780000 0.000002 -0.000002 
9.800000 0.000002 -0.000002 
9.820000 0.000002 -0.000002 
9.840000 0.000002 -0.000002 
9.860000 0.000002 -0.000002 
9.880000 0.000002 -0.000002 
9.900000 0.000002 -0.000002 
9.920000 0.000001 -0.000002 
9.940000 0.000001 -0.000002 
9.960000 0.000001 -0.000002 
9.980000 0.000001 -0.000002 
10.000000 0.000001 -0.000002 
10.020000 0.000001 -0.000002 
10.040000 0.000001 -0.000002 
10.060000 0.000001 -0.000002 
10.080000 0.000001 -0.000002 
10.100000 0.000001 -0.000002 
10.120000 0.000001 -0.000002 
10.140000 0.000001 -0.000002 
10.160000 0.000001 -0.000001 
10.180000 0.000001 -0.000001 
10.200000 0.000001 -0.000001 
10.220000 0.000001 -0.000001 
10.240000 0.000001 -0.000001 
10.260000 0.000001 -0.000001 
10.280000 0.000001 -0.000001 
10.300000 0.000001 -0.000001 
10.320000 0.000001 -0.000001 
10.340000 0.000001 -0.000001 
10.360000 0.000001 -0.000001 
10.380000 0.000001 -0.000001 
10.400000 0.000001 -0.000001 
10.420000 0.000001 -0.000001 
10.440000 0.000001 -0.000001 
10.460000 0.000001 -0.000001 
10.480000 0.000001 -0.000001 
10.500000 0.000001 -0.000001 
10.520000 0.000001 -0.000001 
10.540000 0.000001 -0.000001 
10.560000 0.000001 -0.000001 
10.580000 0.000001 -0.000001 
10.600000 0.000001 -0.000001 
10.620000 0.000001 -0.000001 
10.640000 0.000001 -0.000001 
10.660000 0.000001 -0.000001 
10.680000 0.000001 -0.000001 
10.700000 0.000000 -0.000001 
10.720000 0.000000 -0.000001 
10.740000 0.000000 -0.000001 
10.760000 0.000000 -0.000001 
10.780000 0.000000 -0.000001 
10.800000 0.000000 -0.000001 
10.820000 0.000000 -0.000001 
10.840000 0.000000 -0.000001 
10.860000 0.000000 -0.000001 
10.880000 0.000000 -0.000001 
10.900000 0.000000 -0.000001 
10.920000 0.000000 -0.000001 
10.940000 0.000000 -0.000000 
10.960000 0.000000 -0.000000 
10.980000 0.000000 -0.000000 
11.000000 0.000000 -0.000000 
11.020000 0.000000 -0.000000 
11.040000 0.000000 -0.000000 
11.060000 0.000000 -0.000000 
11.080000 0.000000 -0.000000 
11.100000 0.000000 -0.000000 
11.120000 0.000000 -0.000000 
11.140000 0.000000 -0.000000 
11.160000 0.000000 -0.000000 
11.180000 0.000000 -0.000000 
11.200000 0.000000 -0.000000 
11.220000 0.000000 -0.000000 
11.240000 0.000000 -0.000000 
11.260000 0.000000 -0.000000 
11.280000 0.000000 -0.000000 
11.300000 0.000000 -0.000000 
11.320000 0.000000 -0.000000 
11.340000 0.000000 -0.000000 
11.360000 0.000000 -0.000000 
11.380000 0.000000 -0.000000 
11.400000 0.000000 -0.000000 
11.420000 0.000000 -0.000000 
11.440000 0.000000 -0.000000 
11.460000 0.000000 -0.000000 
11.480000 0.000000 -0.000000 
11.500000 0.000000 -0.000000 
11.520000 0.000000 -0.000000 
11.540000 0.000000 -0.000000 
11.560000 0.000000 -0.000000 
11.580000 0.000000 -0.000000 
11.600000 0.000000 -0.000000 
11.620000 0.000000 -0.000000 
11.640000 0.000000 -0.000000 
11.660000 0.000000 -0.000000 
11.680000 0.000000 -0.000000 
11.700000 0.000000 -0.000000 
11.720000 0.000000 -0.000000 
11.740000 0.000000 -0.000000 
11.760000 0.000000 -0.000000 
11.780000 0.000000 -0.000000 
11.800000 0.000000 -0.000000 
11.820000 0.000000 -0.000000 
11.840000 0.000000 -0.000000 
11.860000 0.000000 -0.000000 
11.880000 0.000000 -0.000000 
11.900000 0.000000 -0.000000 
11.920000 0.000000 -0.000000 
11.940000 0.000000 -0.000000 
11.960000 0.000000 -0.000000 
11.980000 0.000000 -0.000000 
